DANE:
{
97637162
96915510
95793022
95515058
95493471
94677445
93854893
90126061
88332693
88210105
87497553
86605184
84731222
84271823
84040113
83928661
83705073
83554231
76589547
76589546
76375976
75366958
75153328
74644400
74431740
74218258
73422829
73192600
72700231
72083436
69526976
69394324
69121954
63509474
62587693
62370023
61465001
60643553
58699500
58672736
58655504
58004362
57450198
57433966
57282724
57160136
56337500
52947044
51225407
49154689
49094491
48372950
48150362
48032131
47810543
47027714
46701379
45584727
40971261
40003819
36975314
36730805
36205132
36197902
36111775
35183584
34966096
34244455
33022867
23732205
23545031
22900219
22510667
21887175
21858819
21187631
21065189
20665527
20343502
19190082
18478530
15721392
15543940
14604710
13482262
13090893
12977245
12760674
11755663
11434258
10312660
9794980
9581215
8972398
8868767
7850740
2547033
1825445
816427
703897
39015
}
CHIM:{
99792080
99004583
98570539
94207108
93684009
93084621
92562411
92362073
92176681
91953000
91740879
91140491
91027843
90814668
89789152
89019964
88996322
88774734
88667504
87844926
87052196
80831552
80801743
80627281
79656239
76830505
75991479
75713017
74879881
73539069
69170403
68934651
67712104
67680512
66863374
66290900
65741786
63410069
62393472
62171834
61459246
56577312
55351724
54807656
54569495
54529134
54446813
54239282
53624265
53417695
52502677
52394047
51786039
49729312
48596760
47474172
42172465
41440817
40663548
40441990
37021315
36809777
35498188
35187185
33652635
33298291
32530043
31313405
30691817
29479265
29357687
29189613
28957126
28534130
28234578
28174796
27412542
27352108
27012990
26236560
25964547
23935886
20735371
20201255
16990348
16003979
15627227
15381421
15177750
14839621
14169843
14055212
13224603
13046291
5329790
5041348
2102065
1980574
637216
263926
}
ROTD:
{
1984618
2106266
3040496
3828844
4167084
7913375
15989522
16001119
16223761
17946349
18138630
18168997
20003027
20129614
20899496
21011044
21351206
22073844
24299458
25311006
26534688
29280589
29354228
29477860
30439101
33296432
33318980
34130561
37256135
37478723
38590361
39317553
40251688
41373230
42596828
43218406
44440058
51684157
51706604
54527349
54563536
55289183
55749927
56294501
56401775
56461575
57416183
57523313
58346901
60303688
61525276
62528292
63644830
64867422
65589010
65711558
68468459
69680031
76833149
77656797
78778375
78990927
80839052
81951640
82134632
82773292
82896870
82956214
84404797
89617515
90861137
93018428
93078761
94730900
95679145
95953557
96891787
98804359
99049589
99927991
}
RIRA:
{
1050355
1872843
2994495
3567660
4280258
5402805
5524387
6247535
9097866
10612222
10642488
11969228
13117073
17469113
18585765
19307353
19420830
19590644
21364070
21834870
22373487
22586618
23431858
23619206
24557335
26557451
26773909
27240101
27895597
28617139
30552375
30674956
31897444
32519092
35770983
36492575
37414347
37444964
38267552
39730727
43735670
43857222
44640691
44680819
45702357
46924949
46984349
49105782
49389190
50820852
52945066
53167658
54191698
54880296
56001930
57647597
57823578
57869175
58981727
59707204
59778096
60942444
61764082
61884774
62487836
62886670
63009228
63731062
64002884
65124425
66947913
67073561
68295149
70252926
71074418
71197066
74665651
75888208
76500786
76722334
78917791
79130389
82319644
83035296
83195035
84218527
84257883
84430165
85862791
85970321
90384300
91407982
92223430
92345028
95192919
96214561
97036149
98159737
98371278
99162753
}
IGAS:
{
744887
1566817
1759808
1799464
1799465
1966438
2089016
2801664
2971446
3693034
4148264
4810585
9028399
10877309
11699941
11711438
13923256
14146794
14532163
15754711
15808381
16020923
20248754
20426176
22933016
22953211
22953212
23656668
24842059
24882256
25726386
25904894
28981598
29603180
31374201
35394356
36016907
36239585
36849933
37061511
37351133
38143903
38173725
38783169
38960450
40140448
40204620
40428851
41306080
41927278
42149850
42429678
45462149
46271408
49082032
49296203
50277355
55976207
56198785
57093995
58116537
59054773
59208943
59332125
61399402
62111090
62411042
63056220
63233638
63633694
64178868
64756282
67647362
68769900
68957925
74578720
75364199
75690317
76209339
76416959
76587747
77421977
77539547
78543464
78751195
83266006
84482694
84504242
85327820
86449372
88413677
90444325
92597893
93031067
94253655
94446564
97383507
97661969
98506199
98806751
99628747
99885917
}
ETCO:
{
220414
5206415
5376159
6438003
6498706
6728559
7150545
7337976
7540107
7610394
7610395
8372133
8495780
8559524
8662794
10493654
11516241
11738489
11738490
12450071
17016131
18832779
18954366
19211362
19671102
23672629
24521754
24799107
25643346
26866984
29177818
29374928
31548215
31588572
32422602
32600024
32764863
32887445
33212663
33545259
33609093
33945211
34496660
34721681
34761841
43004235
44161893
44227727
45483489
45666710
45943123
46606977
46898368
47910940
48736598
50793215
51916853
52038441
55349375
55762976
56161953
59071624
59859086
60033398
62850093
63972571
67037924
68159562
68199168
69003792
69381150
69811710
69811711
69838761
70156946
70226289
70333910
71278040
71348837
71555408
71978434
72060415
72090076
73287067
73309655
75988594
80621422
81344070
82257671
82566662
83682209
84121193
85243784
85243785
86066372
87188910
90361289
94183877
94431029
94553671
95568112
97268402
97300502
98022050
99249638
}
SOFU:
{
1295111
2411269
3134857
3356494
4478086
9113513
15291624
16006416
16313112
17257342
17509503
17535764
17722185
18444733
18474999
20318029
20501450
20618081
20788863
21441617
21623008
21663205
21830679
21830680
24027078
25140659
26302107
26845680
27024795
28770951
29596581
29666221
29996433
30741503
34773082
37561138
38406364
38784726
39528955
41463181
41685633
42717221
43534808
43994202
44656450
44716890
51412776
52350806
52534264
55051920
55168550
55591586
55838342
55878038
56003780
56713174
56773577
56980148
57835716
57995165
58012707
58657303
62834295
63413494
63956833
64178424
65801012
66023650
67225377
69946549
72129804
73240432
76145142
77967790
78084378
79206925
80101899
80141055
81223446
81263643
81481818
82045034
82085295
82162616
82385847
83107873
84569886
87800375
88923963
88923964
89928517
90173539
90351981
90807199
93394164
93507434
93920420
94016752
94046012
94620082
95238394
99745551
}
SAST:
{
786906
3111207
3233859
4055337
5177985
6990577
8820526
9064354
11012154
11234702
11908584
12021072
12421694
12743620
12950294
13143275
13173832
13965201
14088859
14365823
14505685
15327215
16428514
17956906
18678554
19891131
24487411
25200959
25800447
26326541
26326542
27548199
29913783
30227494
31440046
36458063
37261776
38383368
39505816
40364916
41562624
42388271
43341600
43411769
44163252
47171541
47393199
48015771
48355999
48633301
48815792
49238328
50186558
50690129
50750868
51208046
51208047
51476410
52698008
52711246
55285840
56308388
59537380
59577547
63533837
64655485
65500515
65500516
65877963
66141736
66722103
72453068
73575650
74414885
74627016
74627017
74798297
77754169
77848740
78661338
79783880
79905468
81558967
81670445
82496097
83518674
85636437
85840608
86148577
86758915
86784733
86926989
86962245
87571563
87871125
88093706
88693151
90020780
90050480
91272072
92998610
98169343
99115354
99937842
}